x y Velocity_x Velocity_y Velocity_whole value Pressure Absolute pressure Total pressure 
0.000000e+000 5.370014e-001 1.000000e+000 0.000000e+000 1.000000e+000 2.652910e+000 2.652910e+000 3.152910e+000 
1.229171e-002 5.370014e-001 1.000137e+000 -6.987551e-004 1.000137e+000 2.652781e+000 2.652781e+000 3.152918e+000 
3.773651e-002 5.370014e-001 1.001024e+000 -2.154821e-003 1.001027e+000 2.652513e+000 2.652513e+000 3.153541e+000 
6.496353e-002 5.370014e-001 1.003229e+000 -3.674009e-003 1.003236e+000 2.650879e+000 2.650879e+000 3.154120e+000 
9.409559e-002 5.370014e-001 1.006917e+000 -5.195240e-003 1.006930e+000 2.647674e+000 2.647674e+000 3.154628e+000 
1.252663e-001 5.370014e-001 1.012176e+000 -6.658215e-003 1.012198e+000 2.642904e+000 2.642904e+000 3.155176e+000 
1.586190e-001 5.370014e-001 1.019114e+000 -8.003420e-003 1.019145e+000 2.636453e+000 2.636453e+000 3.155781e+000 
1.943062e-001 5.370014e-001 1.027786e+000 -9.174013e-003 1.027827e+000 2.628217e+000 2.628217e+000 3.156431e+000 
2.324913e-001 5.370014e-001 1.038176e+000 -1.012801e-002 1.038225e+000 2.618183e+000 2.618183e+000 3.157139e+000 
2.733498e-001 5.370014e-001 1.050197e+000 -1.083631e-002 1.050253e+000 2.606397e+000 2.606397e+000 3.157912e+000 
3.170692e-001 5.370014e-001 1.063720e+000 -1.129867e-002 1.063780e+000 2.592975e+000 2.592975e+000 3.158789e+000 
3.638489e-001 5.370014e-001 1.078552e+000 -1.150451e-002 1.078613e+000 2.578035e+000 2.578035e+000 3.159738e+000 
4.139023e-001 5.370014e-001 1.094489e+000 -1.149039e-002 1.094550e+000 2.561832e+000 2.561832e+000 3.160851e+000 
4.674599e-001 5.370014e-001 1.111332e+000 -1.130949e-002 1.111390e+000 2.544526e+000 2.544526e+000 3.162120e+000 
5.247666e-001 5.370014e-001 1.128881e+000 -1.097844e-002 1.128935e+000 2.526281e+000 2.526281e+000 3.163528e+000 
5.860847e-001 5.370014e-001 1.146927e+000 -1.052900e-002 1.146975e+000 2.507284e+000 2.507284e+000 3.165060e+000 
6.516953e-001 5.370014e-001 1.165274e+000 -1.000369e-002 1.165317e+000 2.487721e+000 2.487721e+000 3.166703e+000 
7.218979e-001 5.370014e-001 1.183763e+000 -9.433790e-003 1.183801e+000 2.467730e+000 2.467730e+000 3.168422e+000 
7.970153e-001 5.370014e-001 1.202257e+000 -8.844351e-003 1.202290e+000 2.447408e+000 2.447408e+000 3.170159e+000 
8.773910e-001 5.370014e-001 1.220642e+000 -8.256354e-003 1.220670e+000 2.426818e+000 2.426818e+000 3.171836e+000 
9.633933e-001 5.370014e-001 1.238834e+000 -7.685346e-003 1.238858e+000 2.405983e+000 2.405983e+000 3.173368e+000 
1.055416e+000 5.370014e-001 1.256760e+000 -7.131572e-003 1.256780e+000 2.384877e+000 2.384877e+000 3.174625e+000 
1.153880e+000 5.370014e-001 1.274366e+000 -6.585937e-003 1.274383e+000 2.363459e+000 2.363459e+000 3.175485e+000 
1.259236e+000 5.370014e-001 1.291557e+000 -6.056755e-003 1.291572e+000 2.341680e+000 2.341680e+000 3.175758e+000 
1.371967e+000 5.370014e-001 1.308316e+000 -5.552821e-003 1.308327e+000 2.319443e+000 2.319443e+000 3.175303e+000 
1.492589e+000 5.370014e-001 1.324585e+000 -5.068377e-003 1.324594e+000 2.296669e+000 2.296669e+000 3.173944e+000 
1.621655e+000 5.370014e-001 1.340304e+000 -4.600555e-003 1.340312e+000 2.273276e+000 2.273276e+000 3.171495e+000 
1.759755e+000 5.370014e-001 1.355413e+000 -4.149695e-003 1.355419e+000 2.249180e+000 2.249180e+000 3.167760e+000 
1.907522e+000 5.370014e-001 1.369844e+000 -3.715891e-003 1.369849e+000 2.224298e+000 2.224298e+000 3.162542e+000 
2.065634e+000 5.370014e-001 1.383537e+000 -3.300931e-003 1.383541e+000 2.198555e+000 2.198555e+000 3.155648e+000 
2.234813e+000 5.370014e-001 1.396431e+000 -2.907831e-003 1.396434e+000 2.171873e+000 2.171873e+000 3.146887e+000 
2.415835e+000 5.370014e-001 1.408480e+000 -2.538406e-003 1.408482e+000 2.144169e+000 2.144169e+000 3.136080e+000 
2.609529e+000 5.370014e-001 1.419642e+000 -2.195082e-003 1.419643e+000 2.115359e+000 2.115359e+000 3.123053e+000 
2.816781e+000 5.370014e-001 1.429889e+000 -1.878893e-003 1.429891e+000 2.085350e+000 2.085350e+000 3.107644e+000 
3.038540e+000 5.370014e-001 1.439207e+000 -1.591857e-003 1.439208e+000 2.054040e+000 2.054040e+000 3.089700e+000 
3.275822e+000 5.370014e-001 1.447593e+000 -1.333665e-003 1.447594e+000 2.021317e+000 2.021317e+000 3.069080e+000 
3.529715e+000 5.370014e-001 1.455058e+000 -1.104744e-003 1.455059e+000 1.987052e+000 1.987052e+000 3.045650e+000 
3.801378e+000 5.370014e-001 1.461627e+000 -9.035940e-004 1.461627e+000 1.951104e+000 1.951104e+000 3.019282e+000 
4.092060e+000 5.370014e-001 1.467334e+000 -7.293006e-004 1.467334e+000 1.913318e+000 1.913318e+000 2.989853e+000 
4.403090e+000 5.370014e-001 1.472227e+000 -5.806324e-004 1.472227e+000 1.873516e+000 1.873516e+000 2.957242e+000 
4.735891e+000 5.370014e-001 1.476361e+000 -4.553409e-004 1.476362e+000 1.831510e+000 1.831510e+000 2.921332e+000 
5.091989e+000 5.370014e-001 1.479802e+000 -3.511944e-004 1.479802e+000 1.787088e+000 1.787088e+000 2.881995e+000 
5.473014e+000 5.370014e-001 1.482617e+000 -2.668535e-004 1.482617e+000 1.740024e+000 1.740024e+000 2.839101e+000 
5.880709e+000 5.370014e-001 1.484880e+000 -1.988759e-004 1.484880e+000 1.690075e+000 1.690075e+000 2.792509e+000 
6.316942e+000 5.370014e-001 1.486666e+000 -1.453239e-004 1.486666e+000 1.636978e+000 1.636978e+000 2.742065e+000 
6.783714e+000 5.370014e-001 1.488045e+000 -1.040994e-004 1.488045e+000 1.580457e+000 1.580457e+000 2.687597e+000 
7.283159e+000 5.370014e-001 1.489088e+000 -7.277325e-005 1.489088e+000 1.520221e+000 1.520221e+000 2.628913e+000 
7.817566e+000 5.370014e-001 1.489859e+000 -4.974007e-005 1.489859e+000 1.455961e+000 1.455961e+000 2.565801e+000 
8.389380e+000 5.370014e-001 1.490414e+000 -3.301999e-005 1.490414e+000 1.387354e+000 1.387354e+000 2.498021e+000 
9.001222e+000 5.370014e-001 1.490804e+000 -2.151760e-005 1.490804e+000 1.314059e+000 1.314059e+000 2.425307e+000 
9.655892e+000 5.370014e-001 1.491070e+000 -1.344371e-005 1.491070e+000 1.235718e+000 1.235718e+000 2.347362e+000 
1.035639e+001 5.370014e-001 1.491245e+000 -8.435635e-006 1.491245e+000 1.151955e+000 1.151955e+000 2.263861e+000 
1.110592e+001 5.370014e-001 1.491358e+000 -4.950969e-006 1.491358e+000 1.062370e+000 1.062370e+000 2.174444e+000 
1.190792e+001 5.370014e-001 1.491427e+000 -2.920253e-006 1.491427e+000 9.665434e-001 9.665434e-001 2.078720e+000 
1.276606e+001 5.370014e-001 1.491469e+000 -1.559943e-006 1.491469e+000 8.640256e-001 8.640256e-001 1.976266e+000 
1.368427e+001 5.370014e-001 1.491492e+000 -7.829646e-007 1.491492e+000 7.543449e-001 7.543449e-001 1.866620e+000 
1.466676e+001 5.370014e-001 1.491506e+000 -4.241636e-007 1.491506e+000 6.369926e-001 6.369926e-001 1.749287e+000 
1.571801e+001 5.370014e-001 1.491512e+000 -1.058836e-007 1.491512e+000 5.114303e-001 5.114303e-001 1.623734e+000 
1.684286e+001 5.370014e-001 1.491515e+000 -8.282267e-008 1.491515e+000 3.770802e-001 3.770802e-001 1.489389e+000 
1.804645e+001 5.370014e-001 1.491516e+000 -6.418533e-008 1.491516e+000 2.333265e-001 2.333265e-001 1.345637e+000 
1.933430e+001 5.370014e-001 1.491517e+000 -3.288135e-008 1.491517e+000 7.950993e-002 7.950993e-002 1.191822e+000 
2.000000e+001 5.370014e-001 1.491517e+000 -3.253767e-008 1.491517e+000 0.000000e+000 0.000000e+000 1.112312e+000 
